5 0.030508474576271188 0.4266666666666667 0.013559322033898305 0.4711111111111111 0.023728813559322035 0.5022222222222222 0.020338983050847456 0.5555555555555556 0.07457627118644068 0.5644444444444444 0.08813559322033898 0.5466666666666666 0.08813559322033898 0.5111111111111111 0.1016949152542373 0.49333333333333335 0.09830508474576272 0.4488888888888889 0.08135593220338982 0.4266666666666667
5 0.6135593220338983 0.5066666666666667 0.5932203389830508 0.52 0.5864406779661017 0.6 0.6203389830508474 0.6133333333333333 0.6338983050847458 0.6088888888888889 0.6508474576271186 0.5422222222222223 0.6372881355932203 0.5155555555555555
3 -0.003389830508474576 0.3422222222222222 0.04406779661016949 0.4088888888888889 0.05423728813559322 0.3511111111111111
5 0.10508474576271186 0.5022222222222222 0.10508474576271186 0.6044444444444445 0.12203389830508475 0.6044444444444445 0.1423728813559322 0.5733333333333334 0.14915254237288136 0.49777777777777776
5 0.17627118644067796 0.48 0.17288135593220338 0.49777777777777776 0.17966101694915254 0.5111111111111111 0.17966101694915254 0.56 0.1694915254237288 0.6088888888888889 0.21694915254237288 0.6177777777777778 0.2271186440677966 0.5955555555555555 0.22033898305084745 0.5422222222222223 0.2271186440677966 0.48
5 0.25084745762711863 0.5244444444444445 0.2440677966101695 0.6266666666666667 0.2983050847457627 0.6355555555555555 0.3050847457627119 0.5288888888888889 0.29152542372881357 0.52
5 0.4101694915254237 0.49333333333333335 0.39661016949152544 0.5822222222222222 0.43050847457627117 0.6 0.44745762711864406 0.5955555555555555 0.4542372881355932 0.5511111111111111 0.4542372881355932 0.49777777777777776
5 0.49491525423728816 0.4666666666666667 0.47796610169491527 0.48444444444444446 0.47796610169491527 0.5688888888888889 0.5152542372881356 0.5777777777777777 0.5288135593220339 0.48
5 0.7966101694915254 0.5466666666666666 0.7932203389830509 0.6222222222222222 0.8271186440677966 0.6311111111111111 0.8338983050847457 0.5466666666666666
5 0.8915254237288136 0.5066666666666667 0.8677966101694915 0.5244444444444445 0.8745762711864407 0.5866666666666667 0.911864406779661 0.5688888888888889
5 0.9694915254237289 0.49777777777777776 0.9389830508474576 0.5022222222222222 0.9389830508474576 0.5733333333333334 0.9694915254237289 0.5688888888888889