3 0.25 0.19444444444444445 0.2453125 0.20694444444444443 0.24296875 0.21805555555555556 0.24296875 0.2263888888888889 0.2453125 0.22777777777777777 0.24921875 0.22361111111111112 0.25625 0.22361111111111112 0.2625 0.22777777777777777 0.26640625 0.23333333333333334 0.26875 0.23194444444444445 0.2703125 0.225 0.26796875 0.20833333333333334 0.265625 0.2013888888888889 0.25859375 0.19305555555555556
3 0.55703125 0.21388888888888888 0.55078125 0.20555555555555555 0.54140625 0.20694444444444443 0.53828125 0.2125 0.534375 0.23333333333333334 0.53515625 0.24166666666666667 0.54140625 0.24305555555555555 0.55078125 0.2388888888888889 0.55625 0.23333333333333334 0.55859375 0.225
2 0.24375 0.22361111111111112 0.24765625 0.25416666666666665 0.26328125 0.25277777777777777 0.26328125 0.24444444444444444 0.26875 0.23055555555555557 0.26640625 0.2222222222222222 0.24921875 0.21944444444444444
3 0.3671875 0.22777777777777777 0.3640625 0.2361111111111111 0.3640625 0.24444444444444444 0.36796875 0.2611111111111111 0.384375 0.2652777777777778 0.3859375 0.24583333333333332 0.3828125 0.22916666666666666 0.3796875 0.22361111111111112 0.37109375 0.22361111111111112
3 0.61875 0.2388888888888889 0.60859375 0.2375 0.603125 0.24583333333333332 0.5984375 0.2652777777777778 0.5984375 0.27361111111111114 0.6 0.2777777777777778 0.6125 0.2791666666666667 0.6203125 0.275 0.62421875 0.26944444444444443 0.625 0.2569444444444444 0.62265625 0.24583333333333332
3 0.43203125 0.25416666666666665 0.428125 0.25972222222222224 0.42578125 0.26805555555555555 0.425 0.2861111111111111 0.43125 0.29583333333333334 0.4421875 0.29444444444444445 0.44609375 0.2861111111111111 0.4453125 0.26666666666666666 0.440625 0.25555555555555554
3 0.496875 0.2722222222222222 0.49453125 0.2763888888888889 0.49140625 0.28888888888888886 0.49140625 0.3 0.49296875 0.30277777777777776 0.509375 0.3013888888888889 0.5109375 0.2916666666666667 0.5078125 0.2763888888888889 0.5015625 0.2708333333333333
5 0.5703125 0.2722222222222222 0.56171875 0.2652777777777778 0.5546875 0.275 0.5453125 0.2833333333333333 0.5421875 0.28055555555555556 0.53984375 0.2722222222222222 0.53671875 0.2722222222222222 0.5296875 0.2916666666666667 0.528125 0.3013888888888889 0.5265625 0.35 0.52421875 0.36666666666666664 0.52421875 0.37777777777777777 0.5265625 0.38333333333333336 0.528125 0.38472222222222224 0.53671875 0.38333333333333336 0.55078125 0.39166666666666666 0.553125 0.39166666666666666 0.55703125 0.3875 0.5609375 0.3875 0.56796875 0.39166666666666666 0.571875 0.3902777777777778 0.57421875 0.3861111111111111 0.57734375 0.36944444444444446 0.57734375 0.3541666666666667 0.575 0.3277777777777778 0.57265625 0.3194444444444444 0.57265625 0.3055555555555556 0.57109375 0.29444444444444445 0.571875 0.28194444444444444
3 0.22578125 0.2722222222222222 0.22421875 0.2763888888888889 0.22421875 0.2902777777777778 0.2265625 0.3125 0.22578125 0.32083333333333336 0.22734375 0.3263888888888889 0.2265625 0.33611111111111114 0.22890625 0.34444444444444444 0.23046875 0.3597222222222222 0.22734375 0.375 0.22734375 0.4 0.22890625 0.40694444444444444 0.24140625 0.4152777777777778 0.25546875 0.4166666666666667 0.26796875 0.4097222222222222 0.27890625 0.39861111111111114 0.28125 0.39305555555555555 0.28203125 0.37777777777777777 0.2796875 0.36527777777777776 0.2796875 0.3541666666666667 0.2828125 0.3236111111111111 0.2828125 0.2986111111111111 0.284375 0.28055555555555556 0.2828125 0.2722222222222222 0.27734375 0.2708333333333333 0.26171875 0.28888888888888886 0.25390625 0.30694444444444446 0.2515625 0.3055555555555556 0.24375 0.2875 0.24296875 0.2777777777777778 0.2390625 0.26944444444444443 0.2296875 0.26944444444444443
5 0.34921875 0.2791666666666667 0.3484375 0.2875 0.35078125 0.2916666666666667 0.35546875 0.3125 0.35546875 0.325 0.35390625 0.33055555555555555 0.34921875 0.3861111111111111 0.35 0.4027777777777778 0.3515625 0.40555555555555556 0.3828125 0.4083333333333333 0.38515625 0.40555555555555556 0.38671875 0.39305555555555555 0.38828125 0.3902777777777778 0.38671875 0.38333333333333336 0.38671875 0.35694444444444445 0.3890625 0.3458333333333333 0.3890625 0.3194444444444444 0.3875 0.30277777777777776 0.38828125 0.2916666666666667 0.38671875 0.2875 0.38359375 0.2861111111111111 0.38125 0.2902777777777778 0.3796875 0.3055555555555556 0.3765625 0.30833333333333335 0.36015625 0.275 0.35625 0.27361111111111114
5 0.45390625 0.3013888888888889 0.44921875 0.3 0.44765625 0.30277777777777776 0.44609375 0.3125 0.4375 0.3333333333333333 0.43203125 0.3263888888888889 0.4265625 0.30694444444444446 0.4234375 0.3013888888888889 0.41875 0.3013888888888889 0.41640625 0.3055555555555556 0.41484375 0.3125 0.41484375 0.34305555555555556 0.41796875 0.3527777777777778 0.41875 0.3611111111111111 0.41796875 0.3958333333333333 0.42109375 0.4041666666666667 0.42578125 0.4083333333333333 0.4421875 0.4097222222222222 0.45 0.40555555555555556 0.453125 0.3972222222222222 0.453125 0.3875 0.45078125 0.37916666666666665 0.45 0.36666666666666664 0.453125 0.35694444444444445 0.453125 0.3527777777777778 0.4578125 0.33055555555555555 0.4578125 0.3111111111111111 0.45703125 0.30694444444444446
5 0.4859375 0.32083333333333336 0.48125 0.3277777777777778 0.48125 0.3541666666666667 0.48515625 0.37222222222222223 0.48671875 0.3958333333333333 0.478125 0.40555555555555556 0.4765625 0.425 0.4796875 0.42916666666666664 0.48828125 0.43194444444444446 0.51640625 0.43472222222222223 0.51796875 0.4305555555555556 0.5171875 0.4097222222222222 0.515625 0.40555555555555556 0.51171875 0.40555555555555556 0.50546875 0.3972222222222222 0.50546875 0.3902777777777778 0.5109375 0.37777777777777777 0.515625 0.3486111111111111 0.5203125 0.33611111111111114 0.5203125 0.32916666666666666 0.51640625 0.32222222222222224 0.51171875 0.32083333333333336 0.5015625 0.3402777777777778 0.49609375 0.3458333333333333 0.49296875 0.3388888888888889 0.48984375 0.32222222222222224
0 0.234375 0.5954861111111112 0.2421875 0.5885416666666666 0.2392578125 0.5763888888888888 0.2255859375 0.5763888888888888 0.216796875 0.5920138888888888 0.2216796875 0.5972222222222222
0 0.2719594769899753 0.5635697410017212 0.2736279400389936 0.6036128541781592 0.2928152651027035 0.6036128541781592 0.2928152651027035 0.5917482280518073 0.28614141290663053 0.5872989932544251 0.28614141290663053 0.5502220366095751
0 0.34704031419579673 0.5072127669015492 0.3445376196222694 0.5442897235463993 0.35705109248990624 0.5442897235463993 0.35955378706343366 0.5072127669015492
0 0.3662276392595067 0.4983142973067851 0.36622763925950663 0.5368743322174292 0.3737357229800888 0.5428066452806052 0.3820780382251801 0.5428066452806052 0.38040957517616186 0.5324250974200472 0.3820780382251801 0.5057296886357552
0 0.4179499937790725 0.5161112364963131 0.42045268835259986 0.5353912539516352 0.414613067681036 0.5398404887490171 0.41628153073005425 0.5517051148753691 0.42462384597514546 0.5517051148753692 0.43380039274474597 0.5353912539516351 0.4296292351222003 0.513145079964725
0 0.4421427079898372 0.5101789234331371 0.4396400134163098 0.5264927843568711 0.43380039274474597 0.5368743322174292 0.43380039274474597 0.5517051148753692 0.4463138656123828 0.554671271406957 0.44798232866140114 0.5309420191542531 0.45549041238198323 0.507212766901549
0 0.5881332247789344 0.5324250974200472 0.5931386139259891 0.5784005236596612 0.5822936041073705 0.5813666801912493 0.5822936041073705 0.5991636193807773 0.5881332247789344 0.6036128541781592 0.6048178552691169 0.5917482280518073 0.6056520867936259 0.5250097060910771 0.5889674563034435 0.5324250974200472
0 0.6240051803328269 0.5250097060910771 0.6431925053965368 0.5205604712936952 0.6415240423475186 0.5858159149886313 0.631513264053409 0.6006466976465712 0.6189997911857721 0.6021297759123653 0.618165559661263 0.5872989932544254 0.6265078749063543 0.5739512888622793
0 0.5322397126368228 0.517594314762107 0.5464216485534781 0.5205604712936952 0.5422504909309325 0.5428066452806052 0.5380793333083868 0.5546712714069572 0.5213947028182042 0.5546712714069573 0.5172235451956586 0.5442897235463993 0.5247316289162407 0.5294589408884592
0 0.558935121421115 0.5279758626226652 0.5714485942887519 0.527975862622665 0.5722828258132611 0.5620866627359271 0.553095500749551 0.5695020540648973 0.5489243431270054 0.5517051148753692 0.558935121421115 0.5487389583437813
0 0.47718043201922056 0.5057296886357551 0.4763462004947113 0.5250097060910771 0.4680038852496201 0.5324250974200471 0.47384350592118396 0.5398404887490171 0.48885967336234837 0.5264927843568711 0.49136236793587573 0.495348140775197
0 0.5097154614750765 0.5057296886357552 0.5213947028182042 0.5057296886357551 0.5213947028182042 0.5339081756858411 0.5122181560486038 0.5428066452806052 0.5038758408035127 0.5398404887490171