1 0.30546875 0.2875 0.30234375 0.2986111111111111 0.30234375 0.3125 0.30859375 0.32083333333333336 0.31484375 0.3013888888888889 0.31171875 0.28888888888888886
3 0.39140625 0.33055555555555555 0.390625 0.3402777777777778 0.3921875 0.3416666666666667 0.3953125 0.3333333333333333 0.39921875 0.3277777777777778 0.40234375 0.3263888888888889 0.41171875 0.3277777777777778 0.42265625 0.33611111111111114 0.42578125 0.3416666666666667 0.4265625 0.3611111111111111 0.43046875 0.3611111111111111 0.43359375 0.3527777777777778 0.4328125 0.32916666666666666 0.42890625 0.30833333333333335 0.4234375 0.3013888888888889 0.4109375 0.3 0.40234375 0.3055555555555556
3 0.2484375 0.3416666666666667 0.246875 0.33055555555555555 0.2421875 0.3194444444444444 0.23671875 0.31527777777777777 0.23203125 0.31527777777777777 0.22578125 0.32083333333333336 0.2234375 0.33055555555555555 0.2203125 0.33611111111111114 0.2125 0.3416666666666667 0.21171875 0.3486111111111111 0.21640625 0.3527777777777778 0.23125 0.35138888888888886 0.246875 0.35555555555555557 0.2484375 0.35138888888888886
3 0.328125 0.3416666666666667 0.32734375 0.35 0.33125 0.35833333333333334 0.3421875 0.35555555555555557 0.3484375 0.3597222222222222 0.35234375 0.35555555555555557 0.353125 0.35 0.35078125 0.33611111111111114 0.3453125 0.3263888888888889 0.3359375 0.3277777777777778 0.3328125 0.33055555555555555
1 0.22265625 0.3333333333333333 0.21171875 0.3402777777777778 0.2109375 0.3486111111111111 0.21328125 0.3541666666666667 0.22265625 0.35555555555555557 0.22578125 0.3416666666666667
5 0.3015625 0.3138888888888889 0.29765625 0.3138888888888889 0.29453125 0.31666666666666665 0.29140625 0.3263888888888889 0.2875 0.3333333333333333 0.2765625 0.34305555555555556 0.26640625 0.35555555555555557 0.2640625 0.3638888888888889 0.2640625 0.375 0.26953125 0.38472222222222224 0.27109375 0.39166666666666666 0.2765625 0.39444444444444443 0.28046875 0.39444444444444443 0.28125 0.3958333333333333 0.2859375 0.3958333333333333 0.2921875 0.3902777777777778 0.29921875 0.3763888888888889 0.30703125 0.3472222222222222 0.30703125 0.3416666666666667 0.3078125 0.3402777777777778 0.3078125 0.32916666666666666 0.30703125 0.325
1 0.63359375 0.35555555555555557 0.63046875 0.36944444444444446 0.6375 0.37777777777777777 0.6421875 0.375 0.64296875 0.3625
1 0.6734375 0.3611111111111111 0.67578125 0.36944444444444446 0.6875 0.38055555555555554 0.68984375 0.38472222222222224 0.69140625 0.39166666666666666 0.69296875 0.39305555555555555 0.696875 0.39166666666666666 0.6984375 0.3888888888888889 0.69375 0.3638888888888889 0.690625 0.35555555555555557 0.6765625 0.35555555555555557
5 0.20859375 0.3486111111111111 0.20234375 0.3541666666666667 0.18671875 0.35555555555555557 0.1828125 0.35833333333333334 0.17734375 0.36666666666666664 0.1765625 0.38472222222222224 0.178125 0.3972222222222222 0.18671875 0.4125 0.19609375 0.4152777777777778 0.20390625 0.3972222222222222 0.2046875 0.39166666666666666 0.20390625 0.38333333333333336 0.215625 0.3638888888888889 0.215625 0.3597222222222222
5 0.315625 0.37777777777777777 0.31484375 0.39305555555555555 0.31953125 0.4 0.33515625 0.39861111111111114 0.340625 0.40555555555555556 0.346875 0.40694444444444444 0.34921875 0.40555555555555556 0.35234375 0.39861111111111114 0.35078125 0.3763888888888889 0.34453125 0.36944444444444446 0.325 0.36944444444444446 0.32109375 0.37083333333333335
1 0.36171875 0.38472222222222224 0.359375 0.39166666666666666 0.36484375 0.4083333333333333 0.371875 0.40555555555555556 0.37265625 0.39166666666666666 0.36796875 0.38472222222222224
3 0.64609375 0.3972222222222222 0.6484375 0.4027777777777778 0.6640625 0.4013888888888889 0.6734375 0.40694444444444444 0.6796875 0.40555555555555556 0.678125 0.39166666666666666 0.66875 0.375 0.6625 0.3736111111111111 0.65390625 0.3763888888888889 0.64765625 0.3861111111111111
5 0.475 0.3638888888888889 0.4734375 0.36527777777777776 0.47265625 0.36944444444444446 0.46953125 0.375 0.46953125 0.37916666666666665 0.4734375 0.39166666666666666 0.4734375 0.4027777777777778 0.46953125 0.41388888888888886 0.46953125 0.4222222222222222 0.4765625 0.43194444444444446 0.484375 0.43333333333333335 0.49140625 0.4222222222222222 0.4921875 0.4083333333333333 0.48359375 0.37083333333333335 0.47890625 0.3638888888888889
3 0.45234375 0.3902777777777778 0.45078125 0.4111111111111111 0.45703125 0.4041666666666667 0.46875 0.4097222222222222 0.47265625 0.4041666666666667 0.471875 0.3902777777777778 0.4671875 0.38333333333333336 0.4578125 0.3819444444444444
3 0.5171875 0.3763888888888889 0.5140625 0.37916666666666665 0.5109375 0.3875 0.51015625 0.39444444444444443 0.5109375 0.42083333333333334 0.51328125 0.4263888888888889 0.51328125 0.4305555555555556 0.515625 0.43333333333333335 0.52890625 0.4305555555555556 0.53203125 0.42777777777777776 0.53515625 0.41944444444444445 0.5296875 0.38055555555555554 0.5265625 0.3763888888888889
5 0.63046875 0.3736111111111111 0.61171875 0.375 0.6078125 0.37777777777777777 0.6046875 0.3861111111111111 0.6015625 0.4 0.6015625 0.41388888888888886 0.60390625 0.425 0.61171875 0.44027777777777777 0.61796875 0.4486111111111111 0.62734375 0.4486111111111111 0.63359375 0.44166666666666665 0.63359375 0.42777777777777776 0.62890625 0.4041666666666667 0.63203125 0.3902777777777778 0.63125 0.38472222222222224 0.6328125 0.37777777777777777
5 0.68828125 0.39444444444444443 0.6859375 0.3972222222222222 0.68203125 0.4097222222222222 0.68125 0.4305555555555556 0.690625 0.45416666666666666 0.6953125 0.46111111111111114 0.69921875 0.4625 0.70546875 0.4527777777777778 0.7078125 0.44166666666666665 0.70703125 0.4083333333333333 0.703125 0.3972222222222222 0.69921875 0.39444444444444443 0.6984375 0.3958333333333333
5 0.54140625 0.4166666666666667 0.53984375 0.425 0.5359375 0.43194444444444446 0.53359375 0.43333333333333335 0.5328125 0.44305555555555554 0.53359375 0.44722222222222224 0.5390625 0.45555555555555555 0.546875 0.4597222222222222 0.559375 0.4583333333333333 0.56484375 0.4361111111111111 0.56328125 0.425 0.56015625 0.42083333333333334 0.5484375 0.41388888888888886
5 0.3140625 0.4097222222222222 0.3125 0.42083333333333334 0.3125 0.4486111111111111 0.3140625 0.4625 0.31484375 0.4930555555555556 0.31640625 0.49444444444444446 0.33125 0.4930555555555556 0.34140625 0.49722222222222223 0.3453125 0.49583333333333335 0.34765625 0.4888888888888889 0.34921875 0.46805555555555556 0.353125 0.45 0.35546875 0.425 0.3609375 0.4097222222222222 0.36015625 0.4027777777777778 0.353125 0.4 0.34921875 0.40694444444444444 0.34375 0.4083333333333333 0.33515625 0.4 0.32890625 0.4 0.32109375 0.4083333333333333
5 0.50859375 0.4236111111111111 0.50546875 0.43194444444444446 0.50625 0.45416666666666666 0.51171875 0.4652777777777778 0.5171875 0.4652777777777778 0.52109375 0.45694444444444443 0.521875 0.4375
5 0.56875 0.42916666666666664 0.565625 0.42777777777777776 0.5609375 0.45555555555555555 0.55546875 0.46111111111111114 0.54453125 0.4597222222222222 0.53671875 0.4527777777777778 0.5328125 0.4444444444444444 0.534375 0.43333333333333335 0.52265625 0.43472222222222223 0.5203125 0.4388888888888889 0.52265625 0.44583333333333336 0.52109375 0.4583333333333333 0.5171875 0.4666666666666667 0.5140625 0.46805555555555556 0.51171875 0.4888888888888889 0.51328125 0.5055555555555555 0.51484375 0.5083333333333333 0.53125 0.5069444444444444 0.54609375 0.5111111111111111 0.5625 0.5111111111111111 0.56484375 0.5041666666666667 0.565625 0.4666666666666667 0.56953125 0.44166666666666665
5 0.265625 0.38333333333333336 0.2546875 0.375 0.2484375 0.3763888888888889 0.24453125 0.3819444444444444 0.23984375 0.39861111111111114 0.2359375 0.4027777777777778 0.228125 0.39861111111111114 0.2234375 0.3902777777777778 0.22421875 0.38333333333333336 0.2203125 0.37777777777777777 0.2109375 0.37777777777777777 0.2078125 0.38333333333333336 0.20546875 0.4222222222222222 0.19921875 0.43194444444444446 0.19921875 0.45555555555555555 0.2015625 0.46805555555555556 0.2015625 0.4861111111111111 0.19921875 0.5125 0.20078125 0.5208333333333334 0.228125 0.5263888888888889 0.246875 0.5263888888888889 0.259375 0.5236111111111111 0.26484375 0.5194444444444445 0.26640625 0.4861111111111111 0.26328125 0.4236111111111111 0.26171875 0.41944444444444445 0.26015625 0.4027777777777778 0.2609375 0.3875 0.265625 0.3861111111111111
5 0.46796875 0.42777777777777776 0.4578125 0.44583333333333336 0.45625 0.45694444444444443 0.46171875 0.4861111111111111 0.4625 0.49722222222222223 0.46640625 0.5208333333333334 0.4671875 0.5333333333333333 0.46953125 0.5361111111111111 0.478125 0.5347222222222222 0.48046875 0.5305555555555556 0.48125 0.525 0.48046875 0.46944444444444444 0.47890625 0.45694444444444443 0.47578125 0.44722222222222224 0.4734375 0.43333333333333335 0.4703125 0.42777777777777776
5 0.6375 0.4305555555555556 0.6359375 0.4486111111111111 0.63671875 0.4652777777777778 0.63515625 0.4722222222222222 0.62890625 0.48333333333333334 0.62265625 0.4791666666666667 0.62109375 0.48194444444444445 0.61953125 0.5069444444444444 0.615625 0.5416666666666666 0.615625 0.5819444444444445 0.61640625 0.5847222222222223 0.628125 0.5888888888888889 0.63125 0.5916666666666667 0.64453125 0.5930555555555556 0.65625 0.5902777777777778 0.66015625 0.5861111111111111 0.67109375 0.5819444444444445 0.6796875 0.575 0.68671875 0.5722222222222222 0.68515625 0.5402777777777777 0.6796875 0.5180555555555556 0.6796875 0.5083333333333333 0.68203125 0.4930555555555556 0.68125 0.4791666666666667 0.68203125 0.475 0.678125 0.44166666666666665 0.6765625 0.4388888888888889 0.67265625 0.44027777777777777 0.66953125 0.45416666666666666 0.66640625 0.4625 0.6640625 0.4638888888888889 0.6546875 0.4513888888888889 0.64609375 0.42916666666666664
5 0.36640625 0.41388888888888886 0.3625 0.4166666666666667 0.36015625 0.42083333333333334 0.35703125 0.44027777777777777 0.359375 0.5486111111111112 0.35546875 0.5791666666666667 0.35546875 0.5986111111111111 0.3546875 0.6 0.35546875 0.6208333333333333 0.359375 0.6305555555555555 0.36328125 0.6361111111111111 0.37109375 0.6402777777777777 0.40078125 0.6388888888888888 0.40859375 0.6361111111111111 0.42109375 0.6277777777777778 0.43671875 0.6097222222222223 0.4390625 0.6027777777777777 0.440625 0.575 0.4390625 0.5569444444444445 0.4390625 0.5402777777777777 0.43984375 0.5388888888888889 0.4390625 0.5125 0.440625 0.5041666666666667 0.440625 0.4888888888888889 0.44296875 0.4708333333333333 0.44375 0.44722222222222224 0.44609375 0.43194444444444446 0.4453125 0.4222222222222222 0.44375 0.41805555555555557 0.440625 0.4152777777777778 0.43359375 0.41388888888888886 0.4296875 0.42083333333333334 0.421875 0.425 0.41953125 0.42916666666666664 0.4140625 0.43333333333333335 0.40078125 0.4597222222222222 0.4 0.4638888888888889 0.39609375 0.46944444444444444 0.3921875 0.4625 0.38359375 0.4388888888888889 0.3828125 0.42083333333333334 0.3796875 0.4125