3 0.3265625 0.1578125 0.315625 0.1640625 0.309375 0.18125 0.309375 0.2125 0.3140625 0.2203125 0.3171875 0.23125 0.3328125 0.2484375 0.3453125 0.2515625 0.3515625 0.2375 0.3515625 0.2265625 0.353125 0.225 0.3515625 0.19375 0.346875 0.1703125 0.34375 0.1640625 0.334375 0.1578125
3 0.709375 0.165625 0.7 0.1734375 0.69375 0.1875 0.690625 0.225 0.696875 0.2328125 0.7234375 0.234375 0.7328125 0.2203125 0.7328125 0.203125 0.728125 0.178125 0.7203125 0.165625
3 0.4359375 0.2078125 0.425 0.2140625 0.41875 0.2265625 0.4171875 0.265625 0.43125 0.29375 0.4359375 0.296875 0.4484375 0.296875 0.4546875 0.29375 0.4578125 0.2859375 0.459375 0.253125 0.45625 0.2421875 0.45625 0.2328125 0.4515625 0.221875 0.4515625 0.2171875 0.4453125 0.209375
3 0.5640625 0.2609375 0.553125 0.2703125 0.546875 0.2953125 0.5484375 0.30625 0.5546875 0.3109375 0.56875 0.315625 0.584375 0.3171875 0.5859375 0.29375 0.58125 0.26875 0.571875 0.2609375
3 0.8703125 0.309375 0.8609375 0.3171875 0.853125 0.3328125 0.8515625 0.3515625 0.8546875 0.3609375 0.875 0.38125 0.8984375 0.3859375 0.9015625 0.378125 0.9 0.3765625 0.8984375 0.3421875 0.89375 0.321875 0.884375 0.3109375
5 0.1515625 0.2015625 0.14375 0.2046875 0.13125 0.221875 0.1265625 0.2390625 0.1265625 0.2515625 0.1234375 0.2640625 0.125 0.3703125 0.1234375 0.371875 0.1234375 0.4 0.1203125 0.425 0.121875 0.509375 0.125 0.5171875 0.1484375 0.5421875 0.165625 0.55 0.184375 0.55 0.2 0.5421875 0.2171875 0.525 0.2234375 0.5140625 0.2265625 0.4875 0.2265625 0.4265625 0.228125 0.425 0.2265625 0.4109375 0.2234375 0.4046875 0.2015625 0.3875 0.1953125 0.384375 0.165625 0.3828125 0.1578125 0.3796875 0.153125 0.3734375 0.1515625 0.3671875 0.1328125 0.334375 0.13125 0.3265625 0.1328125 0.25 0.134375 0.240625 0.1390625 0.2359375 0.15 0.2375 0.1609375 0.25 0.1734375 0.2765625 0.1828125 0.2890625 0.1875 0.303125 0.19375 0.3078125 0.2046875 0.3078125 0.21875 0.3125 0.225 0.3109375 0.228125 0.3015625 0.2296875 0.278125 0.228125 0.265625 0.221875 0.246875 0.2171875 0.2421875 0.2140625 0.2421875 0.2109375 0.25 0.2078125 0.28125 0.203125 0.2890625 0.196875 0.2796875 0.190625 0.253125 0.184375 0.240625 0.165625 0.2234375 0.159375 0.2078125
5 0.290625 0.25625 0.2765625 0.2625 0.271875 0.26875 0.271875 0.278125 0.278125 0.3 0.2828125 0.340625 0.2859375 0.3515625 0.2828125 0.36875 0.28125 0.4171875 0.275 0.4453125 0.275 0.478125 0.271875 0.4859375 0.271875 0.5015625 0.275 0.5046875 0.2921875 0.50625 0.30625 0.5109375 0.3203125 0.51875 0.3328125 0.51875 0.35625 0.5046875 0.35625 0.48125 0.3515625 0.4671875 0.3484375 0.44375 0.35 0.384375 0.353125 0.3765625 0.353125 0.3609375 0.3546875 0.359375 0.3546875 0.2890625 0.346875 0.2765625 0.340625 0.2796875 0.3359375 0.2984375 0.3359375 0.31875 0.3328125 0.3296875 0.328125 0.33125 0.31875 0.3140625 0.3140625 0.2953125 0.3015625 0.2703125 0.3 0.2609375 0.296875 0.25625
5 0.6796875 0.278125 0.665625 0.2875 0.6609375 0.2953125 0.665625 0.3453125 0.6640625 0.3703125 0.665625 0.3921875 0.6625 0.4 0.6625 0.4171875 0.6546875 0.45625 0.6515625 0.4953125 0.6546875 0.5015625 0.6921875 0.4984375 0.7109375 0.5078125 0.7234375 0.509375 0.728125 0.5 0.728125 0.4765625 0.73125 0.465625 0.73125 0.4078125 0.734375 0.378125 0.7328125 0.36875 0.7375 0.3421875 0.7453125 0.31875 0.746875 0.3 0.7421875 0.2890625 0.7359375 0.2859375 0.7234375 0.2890625 0.709375 0.3234375 0.703125 0.3296875 0.6984375 0.325 0.69375 0.3140625 0.6875 0.284375 0.684375 0.2796875
5 0.40625 0.29375 0.3984375 0.296875 0.390625 0.3078125 0.390625 0.378125 0.3984375 0.4125 0.3921875 0.484375 0.4015625 0.4953125 0.421875 0.5 0.4328125 0.4984375 0.4421875 0.49375 0.4578125 0.475 0.4625 0.465625 0.4640625 0.45625 0.4625 0.4453125 0.459375 0.4421875 0.4578125 0.4234375 0.459375 0.4078125 0.4703125 0.378125 0.4703125 0.3140625 0.465625 0.30625 0.459375 0.3046875 0.4546875 0.3234375 0.446875 0.328125 0.4390625 0.35625 0.4359375 0.3609375 0.4328125 0.3609375 0.428125 0.353125 0.4203125 0.328125 0.4109375 0.3171875 0.4109375 0.2984375
5 0.5328125 0.3546875 0.5234375 0.3625 0.5234375 0.45 0.5265625 0.465625 0.528125 0.5140625 0.5078125 0.53125 0.50625 0.55625 0.5109375 0.5609375 0.51875 0.5625 0.5421875 0.575 0.584375 0.578125 0.5875 0.575 0.5859375 0.5390625 0.5765625 0.534375 0.56875 0.525 0.5671875 0.5171875 0.578125 0.48125 0.5921875 0.409375 0.596875 0.4015625 0.596875 0.375 0.5921875 0.3671875 0.5875 0.3671875 0.584375 0.3703125 0.5828125 0.384375 0.5796875 0.3875 0.5734375 0.3875 0.56875 0.3921875 0.5609375 0.4109375 0.5546875 0.4171875 0.55 0.4109375 0.5453125 0.375 0.540625 0.3671875 0.5390625 0.35625
5 0.8375 0.4140625 0.8234375 0.425 0.8203125 0.4328125 0.821875 0.446875 0.8328125 0.484375 0.8328125 0.578125 0.828125 0.6 0.828125 0.6328125 0.825 0.6640625 0.84375 0.6703125 0.8546875 0.678125 0.88125 0.6796875 0.8953125 0.675 0.9015625 0.6703125 0.9015625 0.6515625 0.8953125 0.6078125 0.89375 0.54375 0.896875 0.528125 0.903125 0.4484375 0.89375 0.4328125 0.8875 0.4359375 0.8796875 0.45 0.878125 0.471875 0.875 0.484375 0.871875 0.4859375 0.865625 0.4765625 0.85625 0.44375 0.846875 0.4296875 0.846875 0.4203125 0.8421875 0.4140625
3 0.1671875 0.065625 0.1609375 0.0734375 0.15625 0.0859375 0.153125 0.1140625 0.1515625 0.115625 0.153125 0.1234375 0.159375 0.1265625 0.165625 0.11875 0.18125 0.1171875 0.1828125 0.11875 0.1984375 0.1203125 0.21875 0.128125 0.221875 0.125 0.2203125 0.1171875 0.2125 0.103125 0.2109375 0.0890625 0.2 0.065625 0.196875 0.0625 0.1875 0.059375 0.1765625 0.0609375
0 0.787109375 0.7861328125 0.775390625 0.8505859375 0.7998046875 0.884765625 0.8134765625 0.88671875 0.80859375 0.8310546875 0.82421875 0.7978515625 0.806640625 0.7724609375 0.8037109375 0.748046875 0.794921875 0.7568359375
4 0.787109375 0.6376953125 0.791015625 0.6533203125 0.806640625 0.6650390625 0.814453125 0.7314453125 0.794921875 0.7587890625 0.77734375 0.8505859375 0.7890625 0.8701171875 0.8037109375 0.880859375 0.810546875 0.8701171875 0.806640625 0.8310546875 0.8203125 0.8017578125 0.8330078125 0.798828125 0.845703125 0.7744140625 0.859375 0.7685546875 0.841796875 0.8564453125 0.8583984375 0.880859375 0.8837890625 0.892578125 0.890625 0.8818359375 0.876953125 0.8642578125 0.873046875 0.8447265625 0.892578125 0.8115234375 0.89453125 0.7958984375 0.90625 0.7880859375 0.9140625 0.7724609375 0.91015625 0.6748046875 0.921875 0.6552734375 0.919921875 0.5673828125 0.91015625 0.5498046875 0.904296875 0.5185546875 0.908203125 0.4541015625 0.904296875 0.4345703125 0.896484375 0.4267578125 0.904296875 0.3544921875 0.8984375 0.3271484375 0.8837890625 0.3125 0.8720703125 0.3125 0.861328125 0.3212890625 0.853515625 0.3408203125 0.857421875 0.3701171875 0.845703125 0.4052734375 0.814453125 0.4404296875 0.8125 0.4990234375 0.796875 0.5537109375 0.794921875 0.6044921875
0 0.8606488561185828 0.7565145156861209 0.8745527148604015 0.7869584047869432 0.8981892747214933 0.79947187765458 0.8773334866087652 0.8468895975079429 0.8884565736022203 0.8788684726141263 0.8815046442313109 0.8872107878592175 0.8592584702444007 0.878868472614126 0.8384026821316727 0.8580126845013979
0 0.7001953125 0.740234375 0.69921875 0.8017578125 0.7158203125 0.8203125 0.724609375 0.8154296875 0.7265625 0.7451171875 0.7138671875 0.748046875
0 0.634765625 0.7138671875 0.63671875 0.7548828125 0.630859375 0.7783203125 0.6455078125 0.78125 0.6640625 0.7236328125 0.6435546875 0.701171875 0.63671875 0.7041015625
0 0.2614716879278237 0.6655642965435513 0.2602831802554245 0.7558908796458904 0.2721682569794165 0.783226556111072 0.299503933444598 0.77134147938708 0.28999587206540445 0.7404402799047008 0.28999587206540445 0.7154816187843176 0.29474990275500124 0.6703183272331481 0.2781107953414125 0.6762608655951441
0 0.3189526729956988 0.7416287875770999 0.3427228264436827 0.7570793873182895 0.3546079031676748 0.7463828182666967 0.3439113341160818 0.7214241571463136 0.35698491851247305 0.6608102658539544 0.32251819601289633 0.6489251891299626 0.31182162696130356 0.7309322185255072
0 0.12997995308422622 0.8604795548170199 0.12760293773942782 0.8901922466269998 0.16682369092860136 0.9139624000749837 0.2001019057557789 0.903265831023391 0.19772489041098054 0.8818726929202054 0.17038921394579895 0.8474059704206287
0 0.21436399782456927 0.7594564026630879 0.22624907454856125 0.7832265561110718 0.2440766896345493 0.7856035714558702 0.24883072032414608 0.8141277555934512 0.20129041342817816 0.8165047709382496 0.1798972753249925 0.8117507402486528 0.1775202599801941 0.7879805868006686 0.1858398136869885 0.7523253566286927
0 0.38457534548444083 0.6839908471874188 0.41115389545445147 0.6839908471874186 0.4078993791315931 0.714908752254574 0.41874776687445453 0.7360631083531539 0.39650857200158846 0.7463690767088724 0.37806631283872394 0.7355206889660109 0.3796935710001531 0.7187056879645756
0 0.4295961546173161 0.6807363308645602 0.4306809933916022 0.7268419787717216 0.44641115561875144 0.7376903665145832 0.46159889845875757 0.7371479471274401 0.45508986581304073 0.7187056879645756 0.45508986581304073 0.6796514920902741 0.44641115561875144 0.6888726216717063
0 0.5077045463659191 0.6980937512531387 0.5304861606259281 0.6997210094145678 0.5256043861416405 0.7414873022245847 0.5044500300430605 0.7528781093545893 0.4936016423001991 0.7436569797731569 0.5039076106559175 0.7268419787717215
0 0.5619464850802267 0.7127390747060017 0.5581495493702251 0.7447418185474431 0.5803887442430913 0.7620992389360216 0.593406809534525 0.7599295613874493 0.5923219707602388 0.7376903665145831 0.5841856799530928 0.7246723012231493 0.5836432605659496 0.7067724614474278 0.5706251952745159 0.7143663328674309